Kyiv : 50.447731, 30.542721
Prague: 50.05963, 14.44646
Kharkiv: 49.99232, 36.23101
New York: 40.71273, -74.00602
Lviv: 49.84195, 24.03159


